12598
31036
18478
8889
18336
23365
31097
13032
11300
27332
7966
9168
6435
13536
7352
26996
5668
14427
30228
14395
1664
2418
29576
26611
4190
27909
24710
2069
28642
12024
6256
2379
2722
14297
21934
8239
22362
9667
30463
17750
28128
27778
12044
30349
21338
16631
21059
7522
22190
21438
14050
16103
4410
7951
23378
22706
24518
19426
18103
3880
26550
29271
22469
4348
31876
14676
30165
21490
31086
6512
22584
3817
25452
18192
22475
5400
26469
1999
32459
30360
2210
30500
19179
2594
4995
32319
21924
17435
10353
819
22221
32461
29459
4954
13675
6136
25029
3317
6858
1929
28998
3092
15309
21417
24752
7862
19586
1529
25006
1072
20985
1564
6377
31699
18007
32119
707
26313
17190
10292
4168
16704
9711
14221
4193
14027
25355
10567
14667
22020
31414
14460
26184
10103
17509
19358
23957
11195
1114
953
12955
1250
32629
20728
6249
20244
333
12395
14434
27766
2175
30471
24883
18512
3398
19951
8713
21872
5708
17394
9728
19401
4032
6228
25566
26976
6313
8913
30209
14953
14970
31967
11926
11436
16102
20532
15372
29230
6133
28296
29128
30478
3672
5788
2331
28333
10746
2683
28273
15377
2263
23295
28363
14732
6161
3224
22895
9112
25408
31049
27101
11014
28170
5107
3590
29272
19445
28886
23737
31339
27256
14165
20574
16985
16728
24825
6630
7837
23858
27065
8194
2936
30803
21881
32403
32404
5584
11984
6754
31720
21204
25358
7442
29147
25140
8062
27987
8364
26185
5096
30552
4369
7422
15962
22922
24094
4648
9256
18814
22121
19478
7218
17700
14444
9833
3685
25666
3626
20262
19589
24097
27670
6666
26665
6023
5936
7710
10759
19684
22129
20875
3697
11472
29545
6062
27424
30389
11815
30063
8753
29129
10329
24527
1645
20544
2996
22721
21709
21183
28566
20027
26429
16403
16874
28556
1185
1315
14157
27888
29206
4387
1646
21858
10618
16907
29371
1713
22830
30024
27194
25558
4378
4273
15028
17797
16626
6076
8729
22786
27576
8434
15904
24886
13443
16288
7982
3586
10366
13776
633
24019
27187
631
30573
15735
8714
8176
29775
23087
22540
1705
7712
23045
6893
18461
18372
28255
6218
22018
27747
29909
2607
18883
10512
6720
7644
16432
31144
13331
14281
7541
15613
17391
14567
19784
17460
22897
10537
21351
29036
17999
27459
16450
10657
22691
23986
24052
7631
3974
3324
10616
12122
32225
23353
27674
29613
20352
16594
2347
6945
9320
2697
21497
16161
13931
14521
511
23437
31993
25567
3416
30555
17209
19034
7034
16516
25688
27503
15392
7966
8738
21392
5256
965
18895
32222
19167
30016
6943
28396
17914
8546
9641
27846
5446
29997
4207
30770
5378
62
32695
27445
8875
10085
3350
24793
30136
27283
1486
18990
28808
16889
25434
21647
32153
22126
12870
1318
19706
6417
23364
11699
1539
32304
637
7816
16707
24425
28965
14808
24250
18703
15698
19506
3144
14032
9230
20041
4198
916
18858
29686
11540
4263
21590
11392
12050
26651
5359
30746
32083
24168
12824
13997
15535
30550
2444
21464
23512
4637
15283
29750
7055
8394
5491
2015
26392
28388
19528
26161
4331
15184
16535
22224
18348
10610
14911
11243
22365
19861
21362
20929
2771
22669
1475
30564
16742
9882
3455
13501
3309
13712
5953
20945
27626
17973
27585
4930
29697
11499
3565
12313
175
5519
32571
21698
14904
16032
7741
22360
2273
28580
21366
292
18528
11975
108
4448
20369
31174
25854
23872
8298
1547
28408
12595
21553
19482
10213
22374
6124
25131
13604
26505
19738
27160
7742
17367
8864
5754
19831
26448
14854
2831
32419
26953
11491
7264
4155
23079
1686
12960
27312
23912
1591
21462
29183
9443
15566
6463
13702
12624
23490
5101
21014
31754
18324
25781
14921
28180
17100
2888
22806
18522
17716
12448
17058
24890
21317
28830
26457
23363
27103
26353
32062
14653
21053
825
4991
29545
29223
26732
1101
29194
27753
23417
14570
4387
9605
1324
29700
4483
165
2898
5697
6911
26835
17693
4379
13311
31340
3786
31726
21052
24786
128
32591
26823
15458
3196
2720
5966
9382
18539
2017
24219
6859
26135
457
32349
85
8006
28694
24619
26129
6367
7713
13254
18251
335
24501
8350
1346
28203
2081
12440
14041
15639
22412
22543
8335
31718
21129
16153
26801
7171
14316
12299
23503
29967
2267
20287
21868
23243
22312
20
8441
19001
19934
6967
26373
29182
10265
23073
31406
6667
2587
7137
7003
11900
28829
26396
32429
29120
10851
19794
14002
6651
4115
4962
18524
23976
28231
17233
1586
13187
21985
2887
838
18854
18079
3546
12903
30706
26607
1935
1431
12720
17412
28062
8640
14968
14633
27126
31394
8786
5461
22657
27408
19740
4096
10665
7516
2348
5686
19995
22544
31030
7402
4043
734
21871
28044
31800
30682
18418
8414
17393
29927
26723
15363
13144
16751
6867
9176
10406
23640
21988
23176
11055
17971
5166
15195
2024
15286
29921
10447
5926
29804
20395
24810
4008
14763
16348
27598
2776
27079
27336
22670
7758
15237
1388
15424
11926
21970
23893
10068
24371
4021
26814
1316
17379
27779
8697
6603
14117
10322
12816
4667
31225
26799
11947
23178
231
26004
28468
11917
4674
7828
15674
6312
6574
28761
25619
21220
21728
7760
25542
15938
15781
9379
19240
25680
21798
26216
32068
14073
13418
3096
26112
673
1564
9794
25086
18034
19855
26752
24001
26352
7935
4267
28689
28372
11546
20043
29600
21015
20414
15953
25581
26445
26629
20233
361
2868
17791
8266
217
8845
28862
13296
18939
28202
32536
651
2412
25929
21416
18521
6601
2592
29078
7794
2068
27833
17304
13379
14170
20480
31929
15677
26515
9499
30298
26318
9162
20729
12150
27281
23422
28718
20778
4290
11079
3326
23668
14068
6333
31671
25915
12038
17813
20805
32399
2643
24077
10240
15411
9513
18059
9928
27992
1661
19584
32340
29868
26588
24211
20679
24979
31141
4092
14212
11956
14198
27437
23364
18872
24804
22456
21094
18510
27247
5997
14726
28275
31412
7874
14928
27120
18405
19577
29846
26404
26999
17532
32161
25347
29210
29196
27077
24159
26094
29978
5176
22119
24820
32501
6437
9837
451
25126
13819
14060
27772
22936
1035
7625
31231
19197
16722
5081
26463
2156
7059
25508
6548
21839
12714
13672
18800
12924
16156
23649
11221
13730
9714
2376
27172
28647
19144
1562
32504
10191
30497
24346
19221
27232
13821
7449
30363
14212
24238
29941
29312
19886
16871
4192
11836
22720
11542
21474
21958
2093
14323
17953
11200
20570
4185
31841
21486
23371
14422
12359
8685
27771
27262
25314
16418
15371
6276
12524
17136
3359
14347
15436
31790
902
20921
20192
8920
31897
1677
6778
8964
28517
32627
14888
10776
6156
31510
22713
17211
29288
28150
8316
6153
18418
26810
22603
10635
21730
14535
20936
5478
18584
30481
3303
15186
9531
31025
13485
22222
17056
22713
22839
24851
30829
1220
2813
20294
13182
4561
15192
241
31367
15313
1602
29364
9723
20094
18781
2360
20269
26607
11320
2149
15030
18793
32205
2773
16918
10873
2894
3464
158
16959
21537
25561
18317
31501
16169
10160
7545
1073
13639
31226
19696
13838
17696
10070
18016
31858
13345
1297
22836
15139
8385
6741
2112
24763
6662
27037
32095
7094
20555
28268
24666
26058
17216
9023
5388
22903
4402
9152
9412
1502
19341
16188
22251
13526
29855
3927
15591
22333
2718
26367
13630
2956
17389
11678
10751
29358
24731
31380
3678
18195
13613
1252
24478
27136
21149
15149
11572
23337
28578
6109
27689
20097
30514
1441
6592
21585
24645
26656
29017
18311
13021
7400
14741
30289
24131
2216
27835
14571
17555
1185
16474
27318
8058
16471
20528
31113
8767
27532
28747
32587
32000
15470
27246
6594
9535
9744
10934
29862
1949
21271
8061
14842
1764
14518
20607
23708
27723
21980
28987
28954
11510
29355
29341
2247
10429
29741
22489
17166
17966
6210
21146
2311
4053
11741
27228
10056
14011
7536
13078
14846
7724
21925
22301
7996
21693
28751
30789
25490
7822
9120
11337
23778
29901
21404
6253
26479
7803
22477
28769
31031
18035
18745
23657
32643
12968
27793
2747
15036
174
3243
28712
3200
2940
22834
31743
27637
24176
7581
17199
29789
22931
25693
26283
16875
27423
23131
14611
4309
574
1697
26512
21163
7957
10839
10752
11751
9217
23794
15955
7109
19488
14504
13108
6229
27412
11047
17900
6350
23043
16006
22404
15397
13794
28284
15658
27102
21236
24016
28631
21283
2445
16
24366
2579
16412
2950
27558
9052
22120
18280
19435
5644
22042
2639
24962
19876
3196
31978
16556
8814
29056
29940
28558
11281
4
31843
8334
8803
25428
22755
27648
16510
7665
10114
19714
24086
3473
24749
26020
13066
28774
22619
20045
31032
20387
3720
29786
24726
29501
25573
19463
2431
17134
1742
22931
31050
14464
11388
21919
15649
18248
27260
28888
12048
23793
17503
31445
4445
24443
16820
28738
29720
19586
8243
13375
6386
24004
30267
30979
18771
22238
22911
7109
21158
24662
24060
30684
7416
5086
302
29989
4033
7639
21891
21925
14593
6165
528
1647
27279
482
27266
30664
16814
31045
4952
16522
19682
6532
5712
4294
17410
8935
15135
14253
1677
20415
2149
16561
21569
31399
24800
27623
29674
31242
224
1456
15481
21733
28667
24984
13397
13518
15105
31870
15094
14646
2611
2550
28847
4075
26543
28907
20683
30432
18991
31625
12764
2865
14323
15961
8272
2402
5628
31406
18245
25320
30587
65
23455
19690
393
21016
15703
11336
14104
4780
17173
733
16682
31562
25602
16897
1857
25274
13271
9810
11286
5919
25915
181
17037
3870
17995
4247
20201
13890
27514
21369
26684
22687
31899
28075
3618
29110
22588
4183
1711
25241
310
194
22694
21328
2690
9423
13804
17274
30030
14533
27196
3639
13648
4689
8731
25926
20315
5327
7695
1899
17968
15045
9740
13844
18838
22704
20783
11835
23469
32004
30127
10382
24703
4462
21776
9422
19416
8540
22681
1141
24920
27071
29193
14491
15046
5647
29830
1818
2215
20112
31190
10993
16655
31701
10193
21478
12472
25474
27158
18800
8785
598
29694
13523
4120
18280
7886
22157
5035
5296
30769
10993
2075
10442
5349
16914
4675
22007
31668
20194
856
10853
15526
12699
18881
28080
2165
350
25640
6056
23617
22810
2769
9301
5509
27568
810
26936
586
9045
20900
20436
16794
20535
15810
6509
2104
10851
23663
4112
7566
10982
5269
18643
9447
50
20971
23390
1758
8644
23055
12970
3862
18180
30676
23305
4652
17773
28893
29031
12266
6637
31083
6095
1470
8591
6771
4913
25962
17751
15860
30306
25596
7533
21895
32356
21761
20351
20280
1000
1526
11360
19604
9745
19967
20725
20483
4731
17884
20049
21592
3708
15384
7455
679
9641
14723
24640
31318
8604
10723
15030
24439
12021
31975
15553
9045
21407
21340
11335
15181
6741
3235
11385
14816
5988
18531
2228
32262
10930
12411
9893
27844
8959
7995
25521
26880
9835
30163
24980
32149
1080
14091
1608
28067
21458
14901
13096
7976
1292
2656
30549
5077
17837
17871
16729
25626
24619
4522
21514
28804
30646
30194
689
15688
17784
13754
30828
11296
15132
30613
3793
2133
11917
21067
30676
6429
29440
4560
16107
11816
820
18550
25968
23158
8440
97
7750
20843
3567
8507
27839
6693
16784
24106
10941
3341
16496
16383
14872
20396
30916
8113
25920
17089
18465
9481
13092
5776
3719
7582
12882
31100
29342
16388
32607
5336
15167
12097
2697
19451
25142
21120
24731
29074
17479
21770
31505
26427
4719
25201
23421
23375
26731
29454
30249
6398
11391
15534
12286
7842
7280
7049
29604
28237
11218
1908
8683
19620
6026
26967
24938
25073
21131
25824
4454
29043
12259
27257
25589
6905
28155
9592
25442
23215
1818
6806
26324
15159
27436
2723
14891
28155
1730
28024
32043
15810
15193
6444
32220
3970
11487
27019
4656
25973
2163
31683
13543
6255
10349
21089
27056
15215
14750
30076
11409
23924
17881
25392
28808
7570
18353
25679
29043
17732
11141
6482
23853
23812
25018
21398
6138
28441
26184
3781
8229
27825
24952
7825
21735
26927
17900
25769
9355
8134
4063
8933
26064
30535
2478
15812
24719
30775
14743
793
18845
26917
23745
18689
13811
1338
4989
31000
18700
274
8908
23533
8847
20938
28449
14515
20270
27227
5224
7481
16590
25382
16198
25116
4584
16336
11171
16187
6191
18255
27750
1131
2675
8773
24703
19052
15813
13197
31019
12316
15836
24340
13683
30699
17591
13035
30454
6543
21892
9882
5097
7161
32449
25782
19036
19335
1953
21174
30911
8315
3249
19202
16292
27052
20411
15693
28871
3963
16106
10533
28491
777
30512
9928
25926
11687
17893
29242
29312
29838
28081
11412
14456
9425
12971
18335
26536
23439
29122
20385
12810
15981
18269
1911
18139
6211
2366
2788
15263
11798
6060
27433
1637
24647
18897
31190
27980
27657
31073
13791
3910
24856
29052
3826
27164
8105
17622
29448
435
29340
20245
23099
3213
6649
25978
17623
18834
22938
31428
24499
25361
24613
14929
17090
770
6718
24199
32229
31886
17914
18034
26627
11985
23190
3758
25692
1246
6249
12680
4634
14083
21783
29280
6697
12623
22536
6226
3913
17234
23320
15381
5218
32036
912
11554
15639
23977
26454
12825
23709
13842
29280
10337
14030
26279
16494
18191
18297
22724
16121
2314
5117
23074
11110
620
15126
15704
16768
9515
14070
25506
11813
14584
1432
5088
6719
2663
11089
17122
25079
5457
17320
12514
19493
11895
5223
82
22026
28775
22258
10713
26433
28580
11224
29080
499
31233
27816
16817
17227
25934
20486
3594
18473
12598
5117
9550
18971
104
8855
4917
2185
11509
25771
30726
21039
31737
14071
31066
17104
13438
13678
12322
2345
7581
20691
14315
18725
10214
25223
17249
28239
17923
12960
23058
652
14487
9274
9077
23818
20844
31762
25387
15732
29134
30033
2692
10088
18482
6309
837
4650
4380
2454
6057
16538
24383
15896
7077
21859
12005
21596
15216
30582
18577
31468
4931
6839
14051
7927
29790
16629
21437
21737
31563
18208
12452
12095
23398
4790
24169
30618
925
13183
22536
32274
117
19834
5328
29388
16205
24343
1476
32207
5863
14246
578
2323
14628
12816
26594
28891
29199
1989
29089
3653
22557
20469
2623
20512
20916
32515
7653
22013
5097
31287
12043
16777
32398
5043
12953
12826
31084
680
30540
7815
14029
11209
7260
317
32574
19968
23388
2703
27282
26464
10593
19790
10794
26204
29542
6554
18548
31542
31215
31223
434
7610
4077
1700
6653
6955
16610
808
21641
16510
8773
31277
28714
29894
21544
19345
19735
22512
29976
24763
8175
14768
3397
31531
22009
31931
13539
20821
3760
14903
31183
28080
20095
14703
18550
1034
20169
4044
23539
12574
3884
32001
31095
22632
3079
22405
31470
5176
15929
7494
27871
27654
18476
31900
17300
17669
29715
27003
27516
16634
26479
4846
14541
32591
12248
19648
31341
29795
3322
16764
13331
19237
7134
153
17322
1249
18283
15598
30198
19290
8748
20332
20089
10520
3411
21003
1688
7171
20734
26373
2042
13873
2490
67
26161
16637
3909
15124
7068
5721
14489
9253
3467
9317
8485
30638
7077
20288
21342
12777
16007
9501
31862
968
31150
6298
3435
32743
9367
13646
27972
5056
20260
673
8344
8478
17730
2273
2639
19412
30153
11410
10668
20398
16548
21509
31116
29352
28721
2860
21736
26462
25066
6572
1185
13252
8774
16180
23165
28695
32730
2573
32108
29203
22980
31731
19217
14439
11593
28964
29309
10854
9917
32182
11326
32767
14755
13613
13208
26095
1046
4173
25874
12853
360
25901
9781
15558
20488
9613
31376
12419
3753
22377
27135
26728
5280
31695
7213
11526
2446
22509
19800
26163
8256
21614
84
5376
30931
26375
4563
10731
28188
14924
4323
2902
21063
1993
184
24632
24253
22606
26540
29459
23372
7818
20356
16678
16514
24539
6901
2531
22873
24421
21607
29347
10266
32610
23032
4761
4731
19640
2756
31492
6410
26833
22884
4009
7631
17831
26548
17281
32301
26654
4057
3503
1034
9367
32387
10932
29232
2498
17008
32230
12274
28083
30002
10015
22546
20793
24881
8370
12002
3435
18675
31139
17322
32643
13211
23
16714
9968
25264
28681
12832
27046
21792
31295
15148
29369
31621
14204
4722
24362
422
23544
13472
11521
20801
16141
7665
8347
12808
2867
2641
5190
10985
10798
194
26123
2194
16774
11774
30667
11573
21304
21086
30094
3464
22187
18170
22039
32529
24037
24082
18876
15264
6911
8877
2932
15901
22998
15231
18482
23683
16900
29968
4209
17197
29967
14107
2064
13649
23775
26932
18529
14026
15990
2734
10365
794
25819
444
24538
30127
30807
26070
14111
18277
21988
18783
15158
17741
31459
18052
9891
25773
22797
21351
29973
22599
9900
8573
21819
2782
32523
3124
27865
8951
26411
23258
8987
29661
2743
22970
25897
32743
17722
3720
6395
28669
19344
3071
12911
9305
2459
10440
7833
17035
2103
7582
31066
25792
28527
20144
16692
20035
30961
17478
32092
18756
26303
5800
2577
4569
21032
20796
32557
29250
26359
4334
25850
29809
24298
25044
11078
19658
20837
8210
5818
25127
11112
24572
6247
5919
25535
8571
17314
14472
16248
21170
22034
13626
15002
26081
1543
790
26900
32393
2829
21831
25588
31185
5314
1992
5849
22056
9188
25638
427
15916
31150
9096
17033
15050
4453
20972
31747
20647
22574
30387
27530
3263
5922
9824
17444
17485
17316
24989
8549
3050
10738
25983
9882
10744
9723
20746
7751
2113
24177
17400
11732
26844
13854
23222
29059
25169
26491
11184
5285
26364
32383
10702
14862
23479
9397
4158
18630
435
29585
15221
28929
14247
16644
4976
32081
22061
6734
27456
17435
11112
24852
31173
19784
23019
16050
20410
60
7894
25042
28401
28172
17218
14910
26336
3051
15584
9970
6749
29158
16860
19062
4774
29138
21512
31082
932
6786
1846
30562
25969
31549
1765
30197
18199
15214
7969
2577
16027
23198
19620
2961
6714
11424
6209
4882
14066
26123
16771
2562
8260
19694
31889
249
23865
25022
18260
16461
3747
5267
6620
18145
17061
23188
30208
11069
8565
14256
6725
4836
22369
4240
23554
13281
24592
22729
27841
5284
5899
29013
3815
32268
12667
19268
32152
21445
1333
8879
3029
18132
16627
26094
16103
5744
31204
7434
26625
21268
12904
25973
289
22482
15892
22009
20791
28138
9981
24303
7049
20123
30771
31409
24150
30521
4491
16978
25785
896
26786
14988
12241
552
23326
27897
31519
30649
30263
8582
24623
929
22391
19494
23931
23428
2749
707
17548
4307
2440
3962
21346
21664
16242
29447
32022
11697
14331
27518
9662
21715
22920
21309
21905
11120
20908
27678
10060
100
5797
27377
30164
5901
8746
22313
3356
9377
18788
4821
25161
14277
22074
7890
5908
15963
17873
28479
19568
7579
20563
25650
2157
4197
7664
15017
13149
16341
19747
2500
28725
18969
11831
8241
21558
11135
22537
21991
16844
15826
31247
9751
27318
16871
3993
9567
15719
10099
22615
10306
16812
1823
14876
11733
10384
735
28641
25274
4989
127
10765
20562
22179
29311
1012
3119
15005
8992
29341
31688
338
13759
4296
113
12826
21090
27695
8074
28963
12177
14349
31478
26130
28263
2269
11727
30189
31976
32100
24919
21560
29333
30961
11826
12126
6974
21220
7635
31827
9240
8045
24629
9592
7951
30102
2507
8383
20573
22148
28089
12559
31324
6649
26692
22250
7064
1054
11655
13389
21289
26752
28776
26583
24384
32344
30155
9006
27135
18959
26630
159
6286
16385
32404
23556
4203
1154
19981
13035
26369
27934
21589
20468
12157
10021
5396
17787
6877
10088
23143
31607
24137
18237
28118
21666
21415
13001
23941
11995
2154
3198
8622
17096
11946
27106
13902
9919
9338
3474
32031
30951
1398
647
31687
29850
31387
31897
19023
30478
15452
8769
17878
14133
31473
9123
23431
13537
8435
17100
32712
9004
9254
12600
9652
21015
22678
26263
19148
23409
31205
21712
27369
5883
24291
7495
28790
6601
2911
11100
29915
17643
5181
22580
25916
10061
2505
31675
24420
14044
23627
3817
23292
9450
28380
17221
29441
20948
19575
13224
25461
9186
13139
4676
3924
17774
27248
30692
8905
3657
5488
14453
9634
7258
31401
24774
4610
24456
28536
16780
17237
7387
24280
11177
20873
11485
7731
16814
11388
31047
1144
670
2992
32217
30573
29173
1606
20618
25415
232
26410
29921
20600
7407
4491
32419
3016
1921
2446
18350
5287
23326
30019
15653
17857
24979
10712
1997
27604
8058
6412
5047
16062
14592
13031
15136
28891
5099
4008
6293
18573
23259
30208
17499
30748
17871
4477
269
10177
19436
27977
7047
26109
8826
1812
515
29231
11568
3663
22146
5478
17329
9115
110
32116
28758
11393
381
20036
3118
3939
4568
23917
23619
27570
18301
19462
5151
8802
19681
29373
24975
17051
27354
21539
26023
11954
27069
2378
16134
3415
3523
23698
2396
23312
12978
1728
30249
12262
19129
16976
25287
3421
17563
10509
4010
18602
7440
4062
23783
25889
8040
21731
12275
29421
6513
21440
26285
17923
1691
29753
31647
6489
30298
1792
16257
29266
12748
25802
19455
22653
25756
936
5053
13696
19750
30357
13207
29007
14299
2891
26925
7842
18919
31324
21151
19365
24338
23933
23445
19185
32484
24613
31619
2235
11533
24151
10539
16459
6404
26043
10083
9648
28909
19700
3864
22451
23488
21806
14995
11785
24232
2550
30203
14285
12713
21327
6427
32301
18310
28162
28262
24419
3298
15925
2872
5607
8869
12351
32095
16354
6049
7099
29146
31462
25974
23771
14560
26589
13490
6144
19237
11072
11325
23431
13400
15754
20469
5093
1776
8171
12949
1526
15656
18752
32475
17298
11080
24387
7146
20066
26407
4095
28909
23793
18670
8072
3069
30214
26910
32232
12357
22066
16341
31068
3939
21413
18765
24769
12818
13381
21413
10825
21510
10754
23012
29298
14104
26979
4155
26425
12707
3685
1418
29578
31790
17286
32294
16124
587
24349
27610
21947
15038
27372
10027
3269
19170
18936
19936
30298
31049
28825
27330
31405
13219
25293
19105
26848
11233
27857
8855
5167
20634
18931
27537
20844
9389
11682
5898
26795
14888
25287
282
20286
21608
30040
17328
15844
30082
6697
20251
30525
23266
18694
27600
21121
11570
15616
2407
24178
26494
20228
32486
12431
14741
24242
8258
13451
27058
15723
19747
4093
31067
20396
23784
28249
4490
22683
3051
18719
31243
9184
19974
82
8229
438
10838
22316
28796
18754
1086
10512
2102
21795
30127
27328
349
11850
7847
19408
24196
22796
3576
3163
22958
30837
10059
23284
6763
15328
10852
20191
5956
19140
16296
21122
9817
8913
11740
4630
329
7228
7471
17058
16466
2135
2939
21802
4282
7780
21960
27171
10861
10923
31506
6443
18663
13258
31820
24823
11092
2637
32164
21389
24566
30334
3337
21171
24264
30846
12778
28839
14177
20117
10817
18704
22042
13767
30929
26165
9331
6312
10411
1645
2227
8305
27127
21974
2255
23634
27633
28746
5261
29450
6194
16271
15081
4790
4913
2510
20152
4838
9737
17479
16011
31990
30077
32322
9174
28316
10809
30793
19794
2749
28250
15252
18591
27781
25649
17861
12078
20662
31300
7382
14942
26944
16534
24399
25317
3859
9001
9404
3954
17969
11712
16990
5777
18439
15593
18465
6094
2045
16443
18894
28701
26188
29149
18562
19833
1295
10056
20575
9676
29598
8013
7809
5391
9239
29017
25395
26290
24381
504
29795
20030
10886
8344
1108
4921
21615
12944
12435
13386
6931
3936
32044
17821
8444
29242
4125
3721
9273
9410
16651
10864
11184
18195
20788
12519
7862
22786
24485
10519
31453
26790
28077
19555
7181
2584
1937
23628
19159
31863
25985
3985
1285
8239
6347
23194
13430
8827
6479
5910
18473
553
18227
20196
25495
20894
13528
11823
6214
23065
19724
24798
23963
1084
10625
24363
15088
10696
11645
28049
22502
13480
14548
21484
26364
12081
1812
4060
7777
10664
3839
1642
13063
6404
30270
30958
2553
4854
27987
16688
5102
2855
2000
6349
1822
30145
25798
28636
27476
29488
15233
5842
11333
26922
8306
16291
9760
11500
5741
6698
24678
8903
16405
4043
27388
30428
17812
25175
4479
21284
17039
12847
22743
14003
20568
12205
31503
21053
102
31679
21859
3545
23299
31701
31899
7173
13893
9470
27544
15850
31039
589
45
7394
8056
31362
14896
23864
4253
6374
28880
20015
8306
23927
29224
23365
19214
22597
16661
8888
328
5148
25925
21834
6509
5219
401
17217
14388
27204
9357
15027
17907
9486
1885
6912
17426
8663
11978
16800
5824
32357
8853
13343
5862
13135
12042
11109
89
6495
25817
25659
4180
24123
19234
22795
26661
11332
30671
18663
2086
2495
550
12237
30447
13107
926
5162
26826
29969
6898
19868
31592
18586
9589
10492
22994
14334
8869
3484
23713
19905
30210
1997
31346
4963
31521
23717
7317
25408
8188
2815
11269
4533
31116
24002
27293
12676
1690
29543
27784
30586
5330
24245
17914
335
31769
17615
16669
973
9248
7281
12367
9268
2105
29303
12426
222
11626
22431
28707
11551
16064
23439
19896
9327
17382
14618
25444
30923
9718
6079
21044
16472
30351
1650
25055
1610
11560
5024
18609
17156
20132
9837
12233
8064
13094
32064
18308
2034
24102
30081
57
20904
7365
161
15143
30773
24157
27227
1963
13774
31581
21562
16567
31476
24148
2652
7807
2388
17227
5493
4213
13803
344
11798
29560
5741
4720
30000
30792
7656
19837
5588
20030
27812
1712
13372
26170
22351
2585
19983
25052
26966
9333
28641
759
26262
11847
25593
12098
4148
19754
15960
23633
12489
24421
27127
30660
13251
17856
6991
8127
19464
32662
19486
16282
28124
19756
9321
25817
8196
19521
29885
24670
26667
17126
9659
2013
22150
3216
16596
11153
29876
23916
30288
5165
7144
20466
17557
7446
30281
28861
9382
16079
12185
15514
24554
7604
6421
17631
29487
28908
17565
28158
8942
21913
23317
31833
9424
25169
12811
25432
626
3794
25754
2745
6501
17393
29582
32296
23674
10196
12488
15120
14908
31329
31205
4272
19645
5622
1562
18033
13974
26715
19298
31863
20777
30709
16092
31350
4137
18748
29806
24775
15965
14447
25007
28603
30624
7046
18436
22831
1069
16488
2569
20576
31001
7006
28722
19457
16929
14791
8370
11915
30886
19726
20123
18645
11254
25050
25671
27364
32461
6020
11512
30468
15900
27598
16827
11031
21768
28370
15762
5166
16950
29496
31953
24662
29254
3756
27593
693
9117
32399
10404
24021
14184
17645
31888
26687
5085
4528
28704
32588
31684
19475
32494
23608
32567
20569
11910
24440
27046
13758
3199
9805
20766
12462
22507
7834
10954
25909
23026
3315
2234
15799
12729
14582
25827
6625
6025
13278
7527
27103
23341
27989
1559
2511
8603
2698
13110
29046
9687
13188
24960
3122
277
19126
8043
19760
15902
17107
7085
21471
15348
1763
15614
13477
9145
10391
26399
14800
30157
18649
4379
12495
29239
28328
4301
6050
24646
16419
16290
16015
31095
20963
23713
12823
31642
142
20392
296
9777
2217
12792
13204
10009
20654
16371
1218
14956
6495
6181
13988
421
2137
27522
4328
22021
16620
750
24691
6710
32554
15875
2827
20271
26942
28430
2899
28759
2816
14426
26877
23277
12230
20146
315
17575
3708
17697
13174
1433
31735
17916
17987
14681
6022
23842
6291
31585
9674
14211
29481
17076
3528
31711
3666
8389
11325
8400
8144
26516
28977
25611
1303
31514
31695
18147
23996
20967
10356
13327
10794
26890
17670
12972
17047
12081
24455
19078
14902
11025
25322
32147
686
24840
30245
31424
25548
15361
20871
28144
7028
32153
32332
4418
14814
31104
13423
25491
3583
8225
19135
10309
13892
7301
27957
5182
10630
2420
3461
19507
19515
478
16883
6182
26089
4218
1640
28717
2785
17069
5061
18038
20009
25261
16759
12936
20410
7398
9548
25035
31467
5277
25988
29003
2350
11219
28972
5305
7418
620
4775
11955
2312
28816
4238
15940
6082
82
20666
17839
26361
10895
12702
3688
11222
23321
3546
28260
29459
21
7694
29330
12650
10402
11500
4778
14414
30396
20882
21029
25306
26719
9238
29324
3847
15343
8290
6902
14113
29655
11074
6349
16252
15729
28091
7632
19555
16166
31391
8030
13393
4566
29278
15089
25188
27001
6431
17385
15630
12551
4879
24203
25870
7574
15097
19529
24734
31938
18200
19779
1774
16978
12329
15119
16338
6425
3779
16565
27575
31513
25323
21502
2012
5359
31204
21487
25279
30827
26180
28816
29909
25214
15949
16370
12669
6233
5241
9327
25655
8147
24151
26676
28177
22283
15766
12797
30563
12111
24415
14112
27068
3901
26089
20173
17948
8232
4167
19092
11108
2750
5252
14375
8458
26343
24561
28770
31249
25328
12734
6024
25657
26088
17352
29392
30579
12618
30130
14112
22935
17885
11831
13592
19033
4057
26302
1618
11130
7755
5423
8168
22843
27066
26630
28215
26391
28171
2214
24035
5297
7074
22511
30236
3852
25546
22802
26655
20986
25687
16036
14335
15831
30346
19954
25253
13686
9524
3221
9493
22620
19998
27718
18676
11564
29353
26867
6727
20579
31666
19730
27262
31557
29880
4149
17585
30488
577
990
14121
20623
6009
17045
22050
24457
12061
5433
23503
30460
2967
17044
2463
20779
17003
32049
11967
3104
5841
25458
30688
19030
26531
17885
27706
19382
13434
10167
15313
4804
32277
11732
17143
27163
1530
28589
26386
24087
12639
24243
12447
32465
4938
14307
18039
32336
25080
13211
11857
32509
23420
26540
30345
9816
23976
4016
11552
18410
13616
12190
18435
15482
26637
17563
25232
14724
32544
30739
29782
15591
4888
2313
25884
24798
8341
24491
8741
11313
26509
32554
6323
12973
23024
18888
14794
6609
23943
19251
27446
21962
25890
32017
2512
12962
9458
14812
24828
32180
26164
20976
15222
25443
15887
30434
29007
21771
11200
28948
5938
2872
25076
21382
13036
30742
16245
8687
6443
15913
15113
7437
22662
32574
18072
10553
21950
6050
28044
830
32068
6545
12925
14187
11771
7409
28686
3815
16702
14145
16658
26437
21541
12236
13300
10328
13828
17442
19797
19529
8245
4296
7670
11750
6936
29231
28633
4413
13399
29155
20131
6762
27247
5125
28485
9901
29036
6395
15067
15296
13555
1894
212
359
15238
4692
5204
31048
20228
12216
22742
26877
3695
29463
534
10856
19698
131
2862
22086
25123
11213
10495
32007
20357
6135
15314
25054
24401
27368
1087
27668
8310
26979
8015
17057
25566
3898
3549
17917
7923
30655
19266
23604
22370
10876
14129
17209
31774
8228
22239
23932
20393
5065
12647
11454
18319
29774
19310
28452
1331
2592
1538
4747
19405
9505
25800
29212
6068
26341
32599
4640
15065
32033
8671
19989
8852
24672
24846
11521
10916
27384
9524
20486
8561
23613
28837
12087
24979
7156
25951
6314
9368
21003
19948
9678
29442
9863
11658
6911
21904
15805
7050
25944
11199
17605
28150
10953
19343
8748
30582
8297
20106
7913
23668
6925
12291
7058
17279
3609
8348
9680
25837
27798
13067
529
15813
8325
17949
32124
27100
3187
20474
7210
26941
19278
28332
30611
21710
8823
25051
24902
17969
23064
20954
7646
30441
28600
2024
19505
23230
22285
31663
19658
14690
15633
23057
15770
2900
344
26916
24042
7685
22944
28027
28308
17210
21418
29864
25203
4017
10568
10494
29464
27911
6840
4764
28094
729
17200
27047
19584
15146
7098
24022
28618
26116
8258
30516
3086
16482
19181
29729
8120
25166
22957
18586
1379
22599
4627
8891
30285
27621
30564
6274
4360
24512
9966
25302
14451
8845
20124
18888
24297
15754
29129
9752
4536
541
28754
7163
22741
15031
1007
29467
16078
25343
10179
12256
5375
11053
7729
20974
18441
19123
2290
23535
22656
26147
18276
2194
19428
3149
3877
20691
10707
3751
29409
10110
22908
14579
19304
3566
29527
11291
14084
26139
23316
24672
8969
9684
13777
4787
5037
20296
4239
8547
7706
21195
19175
7161
18626
15831
6649
2657
17907
23377
14246
12106
15531
10510
4607
18894
5037
18070
3836
6742
29396
16680
14450
11960
28328
24830
25663
14755
4655
23505
11463
31037
15110
4256
19877
28938
31663
12462
14490
31504
30765
31178
30409
29753
28878
26066
10791
2040
28489
29562
17197
24367
18952
27722
16080
13905
29127
19430
178
7876
15710
11410
7578
28553
10203
23797
10786
10526
13524
797
25007
20643
28412
28868
14758
1597
13555
3282
13533
23224
18531
30243
2896
10352
21320
17289
31254
29553
22415
1301
20371
5341
15587
27282
2030
13710
28868
13139
3525
23549
19673
19247
29472
4450
14215
14537
13988
25117
12994
16661
26890
15701
19747
25623
18127
30687
10555
5870
6700
30305
3880
24338
31048
17079
15461
13018
13485
4245
26087
17217
2552
30062
8293
4841
28373
22421
8951
32352
2091
22691
6114
6563
8596
16152
28594
1760
14608
9029
27274
10880
29434
25449
19385
24677
2619
8986
27533
5744
4285
23014
7020
28743
5155
13627
4128
22613
31415
20868
18035
8722
11427
3733
5628
8580
23909
841
26168
23558
2429
21609
14813
13896
31848
29392
1130
17303
29394
1229
32259
6750
11528
32457
27004
20973
1452
12074
180
3450
24748
16759
31524
14437
1652
31932
25271
22465
16227
16688
10972
5391
17276
2325
15834
26188
21087
28896
29797
30511
1911
2714
11118
14252
15988
134
27711
13244
7164
19204
23238
6240
3741
32181
24113
2531
23559
28640
14268
12128
3704
17428
31687
6021
22135
4879
8492
23190
13509
15839
6863
7605
145
11079
12151
23392
7659
29796
988
5435
30843
17552
2817
21264
5747
28807
20675
4884
22466
2249
21170
3948
13707
27455
23329
31983
5589
6176
4729
10030
1924
19990
15059
3505
31368
12701
18885
26244
18516
940
21627
10739
8337
11160
522
2961
11796
6197
30722
1151
2062
15422
30018
21226
17283
10743
3857
4822
14590
4624
17514
21530
21122
10701
23446
20908
30147
15460
15873
11807
24214
27559
17990
22890
32167
25570
13452
1003
12138
1799
15637
17068
24404
21256
25876
18660
27466
1925
8639
23233
23386
20135
28070
23908
16809
27980
18499
10286
22188
15972
21458
31546
9627
32154
1379
16170
23843
9528
6957
29223
6236
25412
19749
26147
13306
27119
27599
13409
967
7985
24916
2616
31825
28589
18646
13076
9439
18650
4096
957
26026
32356
22241
2780
1610
7888
506
10939
28783
31584
12949
76
2769
26422
6489
15213
16490
29115
22300
19562
2018
8258
24568
2755
32587
27369
5281
14640
28686
192
1525
2787
20261
5934
5845
3597
3467
18576
28724
8099
19697
17954
31597
19554
19635
24867
22234
17169
8970
12084
30882
15366
5763
19970
29650
31211
11184
2596
5040
18370
15133
27975
16716
6183
9093
30600
26455
10709
27718
2081
18488
21868
27667
14664
31325
26738
18409
13140
32463
12695
24132
15138
9738
8765
29330
32695
14091
10551
11496
27430
3242
10961
16884
31412
7466
14865
22323
25147
8207
30525
30563
32460
17967
14237
11068
23704
14348
23170
2651
21521
20065
28552
22655
588
14587
4631
759
8362
1994
7728
4699
32695
19000
8806
25723
10578
14521
13098
17045
28175
7332
844
10187
25049
27201
26047
19411
3036
16675
7325
17905
19874
18104
6506
23586
17787
3870
4765
21146
12323
2104
4700
20337
3487
6914
25224
9882
3432
30497
31225
8724
1483
15551
20235
6756
31376
30869
13145
29506
30426
9801
7368
20627
15950
11515
32712
6039
6519
2587
7894
4196
16745
7805
29509
15251
11941
20911
4927
12345
20285
32650
14599
5657
26681
25607
20352
4119
9784
31060
10227
10992
8539
31783
15629
9257
22622
2643
10023
7493
26376
3993
9675
3899
31686
29888
25203
4647
20627
17639
20627
19776
11034
15643
20186
8970
10271
31269
28085
28109
22043
14501
32534
24645
25382
23397
21363
24219
25114
11239
18449
25492
27382
2368
2690
17929
6784
31017
13677
29335
13615
20308
10893
28055
28999
24316
19964
12624
11334
27328
1714
15468
3967
18097
10312
25769
26629
24746
10754
16849
13770
8928
20237
17644
13832
25785
9221
20404
27872
24034
30139
24649
29250
20380
9524
9510
1548
22614
31989
3412
12150
9601
27517
10461
27565
30624
18196
28036
12222
11422
32451
13235
16822
17509
23716
32693
11527
5036
15708
27429
22062
6416
24805
17063
29075
10343
14481
11222
25009
24657
22091
26493
16502
7695
24864
1033
6125
25497
13055
5182
3610
25578
957
15914
2086
10655
17756
13911
2236
3008
5517
31557
19890
25822
26739
25879
28908
16478
20650
23949
4221
29204
2184
21554
16912
19476
8355
17111
21895
26308
30611
22079
10977
12086
24313
3868
8033
12213
4544
28474
21996
18078
24482
1787
24244
16242
12782
30467
531
552
19849
14900
12985
19656
30259
19421
27402
11061
22284
32302
31170
8522
21591
5360
475
15145
10877
30835
12720
30672
32341
5319
30050
16878
17058
14638
10363
27380
5854
3026
2769
23662
822
26036
31918
29588
13781
10981
17965
15132
9573
29432
28135
30547
15571
5559
25295
14444
29779
28693
32091
26392
31653
30052
7141
32599
22934
24776
24144
28045
9417
6892
17646
16856
14775
10227
13985
11681
4597
12722
12865
32625
8374
540
12094
4358
22672
509
29063
23463
16003
4076
21674
9908
11831
17274
21052
1153
13189
28848
18299
4452
7481
32697
15922
10509
11542
27867
15581
1558
2331
1196
25102
32731
20997
12418
20239
23180
789
26411
9673
23937
32531
5598
7652
9165
28307
5490
30000
23317
21367
32718
16196
25763
30133
31137
22629
3254
3419
17491
32681
19484
19920
11323
23643
18435
13916
10002
29346
1037
19434
13991
19294
31394
8205
25557
21331
3978
18754
26034
13705
4283
12405
18698
13554
14703
22470
11276
18766
27514
32396
25154
844
4827
18074
5319
31730
26513
16066
12980
21310
432
30360
17883
526
29619
32632
32696
829
24340
32459
4772
6159
14106
13701
11084
11215
9715
8434
7778
6838
18434
6323
7826
24591
12666
3588
3768
28569
29228
20544
17488
15917
2973
31398
20013
15776
3420
28509
4975
20459
19346
950
24239
30089
25563
16818
10620
15137
1108
25284
15371
10853
10486
26583
29994
16954
17186
29331
20086
14873
32636
17372
28878
5301
7677
924
27911
17886
4164
13763
27873
28581
21037
140
28730
31425
12453
10241
27266
3633
29373
25281
21615
10787
6397
27649
1522
27157
9978
30417
27753
12858
11050
26272
28950
19487
30968
28931
9168
13966
18708
3250
32248
11443
13325
20947
20911
10365
15137
12156
14662
25671
21332
6771
6902
8120
9919
6456
5330
11239
43
20805
25849
707
5342
31124
8720
28083
8373
22114
22512
32633
2163
8755
23707
25948
30297
2070
29045
21382
9463
4906
1201
4267
19521
14177
9993
25835
25829
22404
2482
28666
13788
27767
6287
10878
24639
12735
1189
5816
23901
31553
21199
25703
8970
6220
17074
3049
25146
26586
8692
9380
5070
531
24489
31396
18349
6931
29710
10117
27159
749
28794
12948
29494
26352
19345
31793
13558
14377
15803
30840
15127
23336
16853
32032
29057
1287
3622
9890
1239
27049
6548
6302
12622
8000
279
7547
29632
23314
24943
26959
20732
27516
30994
1022
10081
4919
9833
7845
16043
10714
5691
22585
2572
9632
13930
13675
20607
29292
16605
20431
12121
14858
29373
62
11040
440
17380
2169
17057
16613
12946
14
14397
21816
30562
2176
1412
30676
13693
3234
11525
6107
31502
3908
24163
15920
9718
19729
8364
24194
192
13752
30439
14726
11223
74
13036
13443
9974
24291
27257
18964
3809
5517
17025
30762
25427
30817
1223
20304
26935
5360
13228
1843
32026
2785
4165
15457
27105
22491
18097
15185
6071
6821
13482
31908
10058
4491
32345
13994
19767
22532
25967
10280
450
10131
5745
88
22731
8171
24659
2098
5630
23126
2633
28906
20809
19543
15322
27578
16275
15758
11062
28385
29611
21725
1481
19436
11134
201
18192
31540
32142
16163
29100
16552
31391
2023
24245
3532
6067
24420
5968
17666
29753
21405
27780
16905
20610
26864
16713
19395
18548
14837
15074
21307
9858
20137
19309
9190
25308
28364
19129
26921
8930
29575
4439
11548
19679
23634
18932
13454
1012
11029
27878
23625
8274
19341
6660
23446
30636
2546
17595
4100
2541
23767
26206
13926
26150
1617
10942
13595
23498
20571
19195
23442
19485
26745
2713
15116
12266
7836
2774
31908
9588
2886
26683
22669
6832
24814
22130
4764
26545
27814
11863
8198
28004
2555
8785
23146
3197
3613
3299
25618
2225
28224
3454
8566
11302
9537
26522
27649
16168
7309
22533
25112
10269
7231
21626
30809
18363
1672
26997
12320
25976
25172
10822
5968
16450
31018
26468
30032
6001
3156
7941
18771
16378
25921
23531
32221
6629
17703
30337
30083
31233
30700
27686
21746
23510
3655
16585
11826
28635
803
7862
28972
23017
20548
10415
17770
13296
13868
12863
12575
10473
15168
21067
12647
15371
9767
1002
10191
4162
30579
18807
16664
17373
9859
1508
14648
13446
9639
80
8354
16248
29062
17884
1735
20972
12221
23995
11741
24020
8393
905
11231
1740
26919
23518
7381
6990
30137
22306
19029
11813
32620
13987
27722
25636
29208
26596
26356
18967
15016
10809
10800
18170
16506
12944
5626
32361
3593
16786
2096
14168
27849
24555
30616
6916
30802
13541
16421
24617
27841
11068
1142
13942
13403
22574
18592
1598
30836
22737
10797
22640
14736
6569
22885
31433
12999
15482
14284
13384
3182
4187
16363
7651
8691
20492
6739
29560
24329
6793
992
28934
30725
23007
26939
4125
392
3135
23458
14739
11103
9041
17132
16249
8871
28106
28871
13133
24373
16193
31045
27761
24629
19007
29847
21212
7184
24725
3608
16912
10132
3570
1165
6220
22607
16564
32682
17922
26171
29951
24281
29067
20641
5644
25912
794
2615
2500
26336
11503
12427
6798
23405
17357
21157
13157
31163
31661
2792
8749
16621
23732
28730
21575
4788
1123
8805
16739
17102
1806
30140
30869
16332
1423
513
940
14617
19259
6278
5311
26168
2069
26003
12808
21325
31554
16648
21493
22239
8637
29251
10621
5340
15692
27460
30385
13021
18355
16143
16787
8620
9767
22354
16682
8196
12549
11592
17110
23191
25540
2525
31202
19797
18729
4371
27992
18924
30649
7332
30745
18315
12916
10729
3884
24556
448
24314
16983
7569
22692
27415
10988
32590
6710
17991
15590
21767
4951
5182
11828
22971
15517
11908
26709
11969
22673
6612
14373
7250
16923
27331
12279
15176
32570
23970
28643
27685
27640
9636
18530
16215
4510
14148
27416
12987
32292
4577
7664
26719
12267
19627
9326
14988
27055
27331
21313
20740
695
15006
536
7048
1870
17579
20407
21917
15735
3381
27722
30608
25053
11658
24057
14520
12553
2141
29628
1787
4311
7529
23153
6035
28203
16471
2092
29970
8928
14050
29134
11940
30721
569
16089
3221
6204
22436
28546
28179
1683
3179
10504
13364
27989
30964
7237
24123
22861
5931
14979
15127
13625
24614
11408
21548
6526
11530
16405
30038
17433
7976
16163
30251
19673
21356
26127
10369
27083
25848
27520
4145
22518
780
20166
18458
15433
7721
24685
14440
4306
28790
14610
534
29233
25954
4726
17329
24907
9355
14033
7007
19779
17375
31337
2593
31142
25856
29538
7253
5349
16877
25560
31615
4873
27872
2603
19784
8354
18290
19354
967
16896
29957
27924
768
29350
19555
20042
16298
22780
3235
23305
15158
25156
22861
9927
268
23247
16830
26236
2328
22129
22477
15539
9093
32050
6574
3040
20936
4166
13079
17140
12513
15168
22946
22575
22749
1410
18547
26165
21920
30712
7962
8037
7393
19206
10170
2918
9590
12478
18539
17154
978
3927
9182
7736
12236
16346
11584
2188
22434
9503
13152
28578
25661
12024
10003
11
4790
7596
8408
9311
18202
6567
27064
31372
31850
29551
2928
13165
30182
8154
11218
4255
5515
17535
14185
29840
31707
26730
8028
14552
21724
7444
11924
16077
30307
13202
14881
28241
13202
21004
12506
5871
2464
32113
20036
26407
2520
27497
29878
28165
9445
12427
29370
23289
15180
7889
14261
28642
5946
26696
15307
22892
13184
23052
7933
24988
29660
17268
17300
12457
12922
23946
26563
4110
18106
18110
648
25565
26932
26331
26579
20054
6394
20281
30698
12728
26140
27445
24076
1111
17778
5342
8788
10991
20885
25073
4833
19768
7471
15624
18484
22714
31349
7950
18649
9699
23537
31990
4170
29527
12933
15788
32016
11143
27821
19532
27179
10373
31492
6803
30644
27159
32266
10131
18113
29194
292
24234
11401
15048
26340
25268
8393
31789
27275
6528
27494
12951
23244
2945
21843
7228
29139
27590
24757
8385
28294
23596
19525
22280
21259
16851
26102
7497
27786
15822
28889
30564
2100
7711
8765
10101
31108
23266
31258
13481
21956
29640
31408
21585
2260
16839
875
26933
10023
4368
21258
3371
8462
5954
29952
22760
15161
6621
7706
24085
28794
22777
15459
1958
8397
4664
15941
21607
12694
12281
21744
8151
809
30926
13824
27962
24463
21297
8281
26858
18056
29042
10326
5102
15052
31220
3876
19917
29846
32665
10600
12452
7523
24187
6440
29559
30967
20701
24296
18117
8098
20577
1555
24415
11713
6011
28829
9082
3207
22309
1511
11778
14334
29908
18659
7217
9800
25771
6520
22881
13355
29679
9512
23838
15053
6076
19184
3968
12987
5110
30319
18359
2096
3713
13899
6376
1173
25269
4561
24888
28996
18700
25051
20262
22417
10014
12535
20765
523
7120
26309
9033
8959
7112
17057
28587
17470
12836
27010
13416
25632
14699
2850
25703
25545
8387
25184
30234
10923
4453
5346
21660
9036
2127
13822
26365
30026
14392
28891
8666
8348
18377
7635
22320
24090
16394
18204
14449
26944
16155
24744
16088
5935
17188
14153
28154
24308
8590
23321
9375
14093
32372
2329
28623
27689
22612
22552
5168
21808
31755
11479
16783
2179
29952
14698
9404
30341
19871
3041
19355
3418
13321
28712
3960
18927
22281
10540
31131
23098
3915
17727
22044
13507
10440
4542
26873
18787
24709
29169
31078
12107
27261
7474
10084
29769
5083
2130
16277
28999
21869
32312
335
18453
27222
11211
2799
28264
16131
8979
24688
27170
19552
6554
16444
8915
13131
26137
14913
27776
11337
336
15688
12196
8055
3638
3714
21109
30916
11602
24420
18280
3166
8041
30133
25847
8042
31577
6630
27298
26872
31557
16289
22324
7990
9458
7332
29767
25827
20849
8656
15114
11015
22527
2685
30274
23266
24617
30225
17807
23586
7988
16337
26097
19289
1211
2295
25482
29869
6810
10500
6310
26322
7179
30807
7672
12853
2063
10495
4134
10362
13072
8654
20105
12329
7108
4014
5934
164
1876
8504
9248
23133
10430
8323
11753
3909
22392
24378
30550
28552
6486
10482
18043
28279
941
12218
28407
5061
14265
9971
20857
3319
32316
98
29827
29462
18024
32643
6766
6311
3071
5920
30895
29661
26809
17699
29784
30988
21734
24745
2018
31073
23380
3671
13865
22993
17523
20209
11960
13903
31927
23592
1863
17730
14910
18356
11906
3894
9651
4259
31756
20177
2674
8945
452
3337
20972
30040
583
19861
20045
14697
12470
24481
6237
20956
7609
9926
1188
805
30147
28729
29650
4680
29848
10307
606
17901
12813
1009
23404
32183
11279
29452
13044
21458
12775
28235
11041
31947
5308
30152
10487
22949
16730
21425
23609
28713
10034
30528
32394
15741
4257
31725
3538
5880
20597
12514
1507
3381
26797
13487
23901
1382
3712
31039
18894
31979
12193
17418
3870
11044
23746
32397
24107
30083
15703
27383
1712
27109
28828
4390
107
13090
32729
30673
3967
15330
17892
32263
2071
29619
28648
26840
30028
27225
31590
31058
10057
13669
21881
7855
27820
21514
32606
6348
31536
1323
23603
7901
19337
17336
3071
24160
27792
23867
30707
26191
4512
22190
29680
21146
24640
5008
6473
19412
16642
29496
16073
12076
14251
22632
12792
29344
1683
20261
5530
6509
8527
17606
2425
19658
12942
1612
32612
27861
14657
30961
24952
11726
255
16644
28062
5507
31143
19187
27221
27915
12871
27306
6322
31415
31548
1307
1956
6214
29595
30750
11389
31064
1488
13436
25774
13862
6021
15942
17618
28271
28870
1900
22767
6326
7778
22666
14840
20906
21396
15365
7318
16358
3810
8023
15655
24538
1606
7847
19720
19465
7820
11933
17679
21878
29179
6260
16732
88
10807
31825
19026
14613
12646
19923
12000
21870
32402
32491
21509
13815
334
19694
7571
7115
28829
25576
21555
1661
271
19508
11433
11858
17965
22089
21593
28333
17175
30935
9994
13514
28268
21779
29163
18095
11626
21838
26579
30304
2647
6605
10957
5459
10783
10197
3796
15395
17726
3845
31195
14984
10208
30953
1297
17287
32071
22219
17250
10726
27246
8652
20801
16611
15340
24884
4517
13606
11034
27399
15441
29171
32376
4825
8537
26276
2381
15074
17890
16471
20110
31573
15913
27620
19201
21486
26823
29714
10914
7114
28467
4106
27974
9084
12168
30219
15998
15709
29576
18016
1214
8227
6369
8847
27583
22454
3760
17620
28193
14399
19524
11213
8789
1921
9508
11895
20154
20588
7763
3161
2310
5359
10450
19967
25832
21007
25959
2474
30188
2614
21917
24646
10398
18893
7692
18076
14066
23052
15834
28361
15331
5649
24450
26095
10843
5680
9940
14890
11091
9611
8254
15558
10043
13794
13641
13487
32412
17836
19046
5416
13820
27750
27115
3264
6402
299
8281
130
6362
3973
28128
18285
27099
3715
28965
14884
9319
3595
12098
27366
27923
20082
7438
6591
26632
30282
19872
14592
31658
23163
27150
5614
9847
3222
22138
31159
27697
9061
10320
22186
7743
29127
20937
21926
849
8122
9908
22483
8771
22970
7797
16529
13380
2634
30542
7086
567
20944
7901
29660
12633
12453
998
28002
17188
5997
13651
30993
19572
20900
29305
13178
10217
32378
4253
17502
10124
3041
22967
21094
2485
26596
18549
24340
13612
23610
17795
7930
142
18459
18954
8746
2290
11346
2935
24813
23501
15764
5245
184
30739
28944
28509
25947
27295
14151
17765
25212
2517
22814
6070
8516
5254
11057
30027
3672
14355
2923
21047
25611
16854
23764
25646
9426
32701
30121
10311
6648
5176
13234
30208
10898
16726
10960
17283
7862
28459
8662
32552
8936
29044
20889
8762
8149
20606
6731
24830
14916
6467
8964
7153
3913
30934
6050
30290
187
9986
30931
13792
9705
25646
12912
20453
13449
3716
27661
18291
30193
4691
18382
16622
7306
14769
892
28362
3457
8036
12247
15254
29375
18691
29230
21818
10524
11352
1070
32125
24271
9225
26104
17354
30249
6007
30326
3123
132
23015
26094
1974
25974
1248
14039
447
2634
20947
16620
9967
3504
14082
27264
10524
27571
19354
3089
25753
7660
14114
12831
27319
3061
12313
12606
5515
24609
19931
16491
2290
5226
12741
3484
17619
19371
19353
155
11428
19216
15652
8211
10288
10186
8478
19691
16791
32007
14673
18388
25750
15905
18430
13598
8968
30997
6268
4816
8877
7480
31522
21751
6187
6693
14439
7230
29522
27386
16200
15039
8356
25028
4842
31513
1045
18231
15233
24003
4367
8867
15984
16544
9145
15907
25010
9427
32633
15128
15992
1748
5816
19157
26387
31939
32741
24476
9237
3837
15292
27082
3251
32494
12488
30030
32366
28710
38
15199
14323
10158
6029
31855
6975
21916
9355
13914
23302
7397
19729
2788
5974
19827
20786
27234
11640
1143
31272
22199
16151
9985
31384
21122
13475
27342
9239
20630
16120
24928
5612
14251
7227
14676
18711
20051
9221
10737
7571
9007
24260
15613
19673
17762
11358
27348
26021
24902
15895
15547
13564
5470
26548
26993
16494
5004
3040
8199
13721
25220
10192
29938
29422
21377
16931
9567
3512
55
16652
9414
31065
25864
27570
10434
13271
27514
6871
10016
7064
30953
23736
31285
21098
21881
4149
8053
20935
32591
15154
17474
5206
15873
8253
5378
30900
2634
22385
628
16757
7683
28314
28996
22118
16462
21658
2013
11029
8725
5131
3710
28308
24243
8485
5520
26745
29936
16098
22071
10025
19507
16225
295
25431
6643
9096
28601
15559
15215
24046
27453
13400
22431
15608
32402
1857
23914
16450
1525
20379
12825
23872
28951
3616
9228
30501
27506
306
30123
3587
24284
27935
5280
26932
1117
14755
20804
16634
30526
2222
10838
11106
32354
10856
243
20590
32730
4722
18626
10610
21171
12911
2160
20415
25362
24004
15964
7807
23684
6811
32147
11232
20111
1070
22270
23925
32653
8770
25306
7129
25018
23025
32361
27029
24203
23469
4583
24899
27713
12930
29376
24308
8639
22683
13824
22736
15512
29960
1803
11004
19821
9919
22158
23233
32374
224
30133
5354
10334
7229
29087
27501
10580
25113
17167
5710
12895
29744
9828
15297
32497
22008
12235
911
10944
15143
28595
31162
6609
8053
15233
1124
9941
2979
28293
28909
3001
11196
14125
23644
14457
6811
17529
31488
3125
1709
26543
855
9350
5112
32336
16430
14098
8028
14410
3594
10590
18201
3695
18375
23268
23698
32038
26239
21862
9041
22369
22701
22401
330
17871
21650
28037
1124
18002
10712
3204
24885
16307
22134
25513
20237
32149
25299
22475
25911
10407
18734
23874
23931
3870
27709
9210
24551
20835
24852
18886
15312
18184
4169
1782
12819
12289
29270
2347
13472
1553
27454
28778
16186
642
2420
8816
11640
11289
11256
26693
12816
329
21443
2580
21332
4775
9317
23866
4349
8606
22509
30877
5928
5988
10761
831
8862
26668
32366
20755
31320
13982
18042
16911
8771
19332
27160
6018
11072
13766
14309
13224
17519
9880
8337
30587
29101
24050
16775
13005
2907
15168
720
23188
27490
18012
19508
31109
27507
17593
5539
3812
6292
12001
22228
20378
16344
6689
6700
32136
14445
27266
14049
18715
3804
24828
30303
28960
30093
23015
10475
5338
7818
20402
28038
27730
25220
30167
12564
23279
22811
14
10429
4166
18010
27074
19348
11059
385
20929
3958
4905
14600
15927
27957
31686
14304
23773
28662
18091
4092
4974
21464
14218
19984
29787
30679
11904
6809
27583
9967
23718
27677
14485
31876
9955
11956
1577
26625
11012
1223
14796
5056
6926
1304
18636
13098
25298
6658
10915
31775
19395
26115
15215
20376
4869
20855
8866
21898
9670
9638
4603
4110
30673
22785
28853
10688
10336
28841
18174
868
26930
6961
32170
17616
23518
26789
17961
29958
22887
17355
16054
23968
22544
4264
9938
15729
25458
5190
14321
3689
23243
2485
30323
25273
27033
2128
3797
7480
28264
8001
4905
2309
17384
19016
11459
5230
8258
9144
5686
13073
32428
30658
29055
11073
18236
7413
20095
21164
10489
13830
30127
32314
23096
16589
19215
10552
13094
5777
23903
6069
22177
16773
30098
30764
23884
19346
14976
18532
14050
27223
15579
405
13770
11375
32612
20428
30956
3058
20318
22672
10180
2622
323
21702
13492
14583
26039
466
6559
21580
2746
11775
17075
21116
7457
25633
7046
3225
32327
31353
29285
25741
25088
2264
9705
3162
2254
2567
20682
21158
27224
11367
26616
6262
25623
5589
32488
21562
16467
7888
9772
17930
10574
18654
6215
16687
23743
29739
10431
12005
13185
6260
10612
11871
20877
1315
14895
30220
4646
27836
13950
23065
1107
16247
13760
7223
2962
6447
20860
26782
30923
18042
9719
9297
12163
9498
16645
28836
11090
25492
29471
2044
31127
25630
14006
22487
31594
18110
8647
31756
978
24241
5552
32595
9784
5898
8514
1287
18716
2715
18711
16427
20743
21272
10789
23468
30657
21370
10900
14309
9155
418
11469
8552
21487
29503
30932
25852
29567
12785
20439
25826
10812
6831
24071
4957
31984
19558
32422
30321
21021
27106
1633
6378
12015
13042
2017
3232
16496
14535
18077
25082
1275
12702
19442
14513
10739
12191
21109
19926
29108
16132
31624
11031
13770
12157
811
23358
22882
3283
26133
18426
16381
2764
11780
9442
7276
26704
22609
2999
11256
3529
2759
11753
12769
27344
2741
16221
18186
22277
10818
32366
20978
31294
8193
32050
15078
32741
31941
4094
12405
6555
13239
1324
4133
5409
26789
2587
18276
2425
30877
24952
16577
24392
28859
20156
12636
14463
26431
23286
23195
31546
27362
22219
5151
1001
31851
15803
12791
17069
18045
24230
6931
18437
1971
28046
9211
1193
25327
25246
449
16566
2542
19051
26931
3596
30240
27515
11862
14836
9143
25860
30736
519
766
10997
23589
4171
5101
826
30565
670
24570
26684
22051
344
17969
29864
16616
10540
19847
15474
16745
19535
29036
14105
29623
20188
7327
7980
30646
8824
17990
27405
5840
9522
25918
17141
29162
26540
11696
6200
19351
7808
19685
16843
17036
17117
5979
16899
4181
9841
23832
6559
8262
32396
22590
19465
4787
10882
27104
30937
100
14673
6420
11931
4675
29315
2121
23250
16728
26198
21723
31549
21239
18715
5349
29784
25912
7644
26455
12582
8104
29761
19016
28718
23614
15796
11149
25027
23697
32196
26506
31625
24391
22983
10824
9525
10705
19396
26312
8852
23126
31888
22679
24271
5612
2358
17315
31981
26382
14236
26189
20889
24651
24164
20927
10790
22331
1041
7296
1232
19383
31083
9029
7749
20297
29476
19467
30820
226
26299
32610
15940
28875
11937
19468
10616
222
14747
26822
19601
5366
18791
2150
26341
10148
1186
13350
9615
5924
24553
8256
30135
16015
8767
11963
19476
12113
2222
5252
1454
7902
19761
21696
17897
23713
5330
1633
30143
25653
2320
6135
18509
24536
8323
1481
26769
12061
23235
13861
13426
17889
29573
28660
10496
30591
20743
8081
25598
584
12719
24028
24222
28461
23791
28042
17803
6591
23403
8895
4652
29786
31326
26846
18728
23708
7737
23200
549
5148
10382
8291
7382
12633
29997
2245
18228
7409
12941
3954
14603
28436
6509
17978
18617
16695
18362
21607
15666
18445
17076
77
328
18867
25677
30498
7210
17451
14289
18192
4906
22539
2508
16265
6339
19318
12073
11227
11482
14668
18327
7172
4676
16542
32561
12231
15753
18533
4957
6143
8423
11123
7924
16948
31130
24745
29092
25196
603
29547
30355
20291
12071
24657
28229
25662
22081
10783
32704
24157
27258
15096
25838
26351
10928
26062
13890
16554
27285
7197
6558
19195
22705
11225
22645
20379
26027
6565
8493
20067
12484
27461
30663
15201
7588
30294
6593
25387
30553
1852
22843
26995
17565
29789
13146
5596
12631
29069
9706
25356
12645
14280
2119
1027
16537
21799
27517
21419
25601
14605
17838
25264
20588
20641
27828
6033
23081
18306
9224
5368
4626
16566
16866
23111
13258
7139
12194
21107
18754
6849
18799
17685
10114
31439
24862
23998
10406
22341
26709
15755
18214
26442
1520
19194
32347
27752
6819
13308
5183
25917
30945
22092
12405
22643
21501
510
25737
19442
10896
19035
2424
15443
12314
22764
5747
10392
31212
30421
21728
1563
29509
16485
5538
12485
23739
14058
19354
11136
23260
9418
12141
17647
22550
1999
20616
29788
15828
30147
14178
754
18666
12093
32001
21804
32051
21690
31680
26765
31864
29167
32079
22930
17556
21342
2555
1509
6358
23080
15664
7891
6823
16930
17212
16384
21869
3626
25685
24153
16815
3772
16606
9035
889
14016
8934
2098
26626
12966
2290
17941
26252
30133
19964
28048
10380
12704
4795
15121
23819
27739
19493
31560
23372
10284
6963
5080
22703
20997
20964
1107
13781
27153
18820
29541
9989
6797
28206
7247
15310
12505
9104
12439
2542
11471
26350
510
32627
23123
21097
2227
8224
10539
25986
6598
12818
14098
14042
25055
7588
16391
29499
30768
1167
26859
19932
7592
21590
6219
17889
31850
22497
20859
25890
31613
3175
17892
23597
31429
15762
4254
8078
2866
11486
20546
27214
30519
18499
4857
18873
12158
13331
18649
5732
28634
11301
12402
32367
12413
51
29091
1288
14187
12161
23219
6960
24110
26559
29596
13762
24523
27441
23466
1201
17142
8717
9541
12177
13442
23333
9227
15193
26139
32709
24867
32103
17719
16095
10701
16324
7754
29541
27709
31402
57
18935
22185
18243
29714
27070
27809
28596
23802
9368
1695
16474
5223
29301
28639
32339
5775
15361
5744
10049
21280
14467
396
24138
30257
25348
549
10852
15736
19125
20928
27087
11710
17035
4998
7906
15505
13356
27544
31243
16953
6670
8356
17682
18413
25821
31670
5021
1606
20510
23120
23801
10227
27155
9916
25367
9391
21214
10913
2773
18544
30440
28629
2431
15073
18564
9074
2966
6931
15568
12076
14544
879
4060
31969
14687
2544
5135
6258
8310
4239
4294
9170
24586
31230
29757
20828
10710
5784
23731
22634
24993
23961
15561
6179
1219
18058
7980
23700
10982
22272
19827
31235
1034
14470
24139
12927
30668
27352
28369
6588
18919
26194
2879
27422
26619
17063
2763
1556
17549
13782
25292
1191
25423
32602
13599
8275
31394
5025
7625
22805
20058
7104
989
4805
10177
7525
29089
7334
3806
24333
14316
22332
10487
23671
24786
27741
24660
24408
13699
19851
14662
4176
23409
27777
30824
5149
19633
25100
32293
2319
12196
30492
31610
30907
20950
17435
25597
4596
18982
23165
16671
16119
1576
11417
19118
27622
18119
10167
26782
4472
20527
13418
520
22510
20714
4384
15731
26185
17480
15095
5715
12730
21509
22738
27599
24922
32038
23725
27847
6683
31780
20269
1302
18174
17484
31099
12308
12679
1638
24915
21599
32367
2709
19288
3292
25240
24958
14251
760
9286
12460
3259
15924
15499
7731
25695
3296
11523
8084
12066
27174
24002
12257
8669
1355
6027
12578
8588
20018
28226
31990
8538
11042
12196
26750
9982
15304
10806
16246
26954
19840
24699
31397
15617
25808
31850
13688
17386
53
5919
9962
4642
30755
10449
8614
15798
8263
13572
24432
3185
3599
1792
7105
13299
10348
4737
16817
24579
25815
19632
12570
29479
21906
4434
24315
13681
27952
26688
21786
26011
6999
16151
21742
24663
9925
27440
8635
20960
26769
2003
13823
9685
19635
1191
26637
10567
15303
30829
16888
4881
21006
3054
4274
26215
1974
4402
28277
25522
11867
6899
19554
31643
26573
10321
16233
30822
31252
14536
5224
20866
9393
23646
28567
23902
23335
5153
31523
21886
2234
5840
26905
24781
16759
19929
19590
6197
1140
7811
3549
14701
29529
21357
32408
31762
8991
14903
20514
15610
27160
18815
29173
29637
20272
25359
6911
9908
32370
1620
587
20671
26318
1811
2781
28129
25881
7255
26334
8631
8277
23470
30201
11337
31539
29844
25348
8488
16086
16432
17635
5305
25306
31038
18089
13264
5781
12365
6913
31104
28572
20522
16077
30514
24969
18076
20236
25333
25340
9553
30209
24597
25568
20249
13202
13807
30960
1362
1262
26883
24697
27043
12146
27211
17505
18414
13006
20684
23912
15487
9827
20842
23470
2698
1520
26880
14454
14036
12654
27824
21801
15024
9272
29816
2974
25389
10095
21510
5016
12430
925
5582
24976
18938
30104
11353
25269
22901
27306
19936
14898
25615
18414
11801
25519
29275
16637
2641
24346
7459
458
15291
18855
21082
12235
17416
2069
26194
1626
2103
26164
17712
4698
11695
20388
22684
20765
19851
1503
30141
13957
29237
30585
26468
24170
4918
7335
